0.00000 0.56898 0.67914 0.32299 0.48021 0.65882 0.48556 0.60749 0.65989 0.59679
0.56898 0.00000 0.48877 0.47807 0.29198 0.49947 0.59144 0.29519 0.49947 0.31872
0.67914 0.48877 0.00000 0.60214 0.57861 0.63529 0.63422 0.55722 0.61604 0.33904
0.32299 0.47807 0.60214 0.00000 0.33369 0.63316 0.30481 0.54225 0.61283 0.56043
0.48021 0.29198 0.57861 0.33369 0.00000 0.58182 0.48663 0.45561 0.58824 0.46310
0.65882 0.49947 0.63529 0.63316 0.58182 0.00000 0.68342 0.32727 0.49091 0.59465
0.48556 0.59144 0.63422 0.30481 0.48663 0.68342 0.00000 0.62567 0.66952 0.61604
0.60749 0.29519 0.55722 0.54225 0.45561 0.32727 0.62567 0.00000 0.32299 0.46845
0.65989 0.49947 0.61604 0.61283 0.58824 0.49091 0.66952 0.32299 0.00000 0.57005
0.59679 0.31872 0.33904 0.56043 0.46310 0.59465 0.61604 0.46845 0.57005 0.00000
